# Created by Octave 5.1.0, Tue Dec 17 12:23:09 2019 JST <siko1056@linux-yu5b>
# name: activity
# type: matrix
# rows: 3
# columns: 336
 0 0 0 0 0 1 0 0 0 0 0 0 3 13 3 3 16 11 8 3 4 11 3 4 7 28 26 13 20 6 17 22 13 18 10 12 56 46 68 66 62 30 69 79 70 48 46 11 44 16 41 16 25 36 24 20 22 31 57 27 33 76 72 36 78 42 73 49 61 59 63 23 41 53 61 88 102 124 39 97 101 132 122 75 164 102 235 67 168 209 120 64 183 165 125 75 100 135 200 166 101 126 142 135 67 123 172 198 130 167 122 132 129 120 91 178 64 113 170 97 67 76 87 90 61 58 108 93 165 79 197 168 206 199 148 185 136 255 139 139 117 278 432 243 242 363 359 158 203 238 195 205 334 255 256 253 215 409 464 399 654 363 415 253 513 413 390 213 324 342 532 282 406 334 232 310 319 302 306 251 290 379 247 300 326 448 475 417 517 469 550 346 418 418 475 408 376 407 497 338 515 509 431 364 373 372 402 381 470 511 430 418 336 409 410 340 376 529 639 548 369 530 518 552 423 434 472 461 397 409 361 499 399 328 367 477 401 637 451 510 476 773 622 544 535 485 424 564 533 610 860 591 418 647 512 470 640 478 391 313 384 289 240 288 474 449 334 321 292 382 242 187 256 209 210 165 156 129 180 218 137 405 337 282 191 256 236 251 123 246 329 274 261 317 310 229 105 249 181 192 225 200 281 197 235 297 183 214 173 151 162 217 194 139 252 129 199 133 220 184 204 262 223 167 286 345 275 240 241 129 171 178 143 296 257 48
 0 0 0 0 0 0 0 0 0 0 0 0 0 0 0 0 0 0 0 0 0 0 0 0 0 0 0 0 0 0 0 0 0 0 0 0 0 0 0 0 0 0 0 0 0 0 0 0 0 0 0 0 0 0 0 0 0 3 25 10 0 3 1 2 15 0 0 0 0 0 0 0 3 19 3 2 16 1 0 0 0 0 5 0 2 2 12 5 5 10 0 0 1 44 10 10 2 21 21 12 8 3 45 15 19 25 9 12 22 14 0 17 9 22 8 6 4 3 2 2 0 1 2 0 35 14 0 26 18 46 80 68 60 77 32 3 21 30 41 13 17 15 84 25 96 143 152 69 17 49 64 56 93 56 90 35 65 115 72 142 52 139 109 69 57 104 47 47 64 361 136 82 231 134 53 93 191 466 188 161 237 320 301 359 263 412 154 220 314 522 456 355 449 434 465 395 234 178 349 329 407 631 321 274 650 548 565 384 343 368 185 208 287 219 400 355 525 360 400 214 130 234 162 296 487 295 323 323 670 651 171 314 137 188 195 370 428 412 323 426 541 367 647 289 363 223 415 765 434 289 440 429 444 421 454 638 447 1003 839 342 408 650 720 494 580 517 541 115 245 345 458 261 230 163 201 196 271 356 416 438 230 319 310 146 113 299 221 306 202 276 578 314 443 431 539 389 263 253 206 168 284 165 336 169 162 140 146 260 128 228 160 159 191 168 332 305 224 145 179 151 74 112 139 197 334 221 183 179 124 55 65 87 98 172 96 94
 0 0 0 0 0 0 0 0 0 0 0 0 0 0 0 0 0 0 0 0 0 0 0 0 0 0 0 0 0 0 0 0 0 0 0 0 0 0 0 0 0 0 0 0 0 0 0 0 0 0 0 0 0 0 0 0 0 0 0 0 0 0 0 0 0 0 0 0 0 0 0 0 0 0 0 0 0 0 0 0 0 0 0 0 0 0 0 0 0 0 0 0 0 0 0 0 0 0 0 0 0 0 0 0 0 0 0 0 0 0 0 0 0 0 0 0 0 0 0 0 0 0 0 0 0 0 0 0 0 0 0 0 0 0 0 0 0 0 0 0 0 0 0 0 0 0 0 0 0 0 0 0 0 0 0 0 0 0 0 0 0 0 0 0 0 0 0 0 0 0 0 0 0 0 0 0 0 0 0 0 0 0 0 0 0 0 0 0 0 0 0 0 0 0 0 0 0 0 0 0 0 0 0 0 0 0 0 0 0 0 0 0 0 0 0 0 0 0 0 333 210 179 190 240 257 244 253 379 540 285 253 299 190 231 201 373 388 252 332 387 251 495 354 270 252 211 218 279 425 344 165 229 204 356 431 277 440 435 517 680 374 920 869 340 1519 755 797 569 477 491 445 361 473 431 438 424 630 1259 1176 1140 746 1015 843 445 669 614 591 584 620 836 1108 864 1035 1078 1366 1024 986 788 1138 834 673 652 831 426 396 536 680 1490 883 515 557 682 1074 935 1710 1498 883 687 1218 743 664 519 699 977 1589 1095 1669 610 463 336 372 341 429 649 858 444


